
Round: 0
00000000
00000000
00000000
00000000
00000000
00000000
00000000
00000000

Valid moves for 1:
3, 3
3, 4
4, 3
4, 4

Player 1: 3, 3

After move by Player 1
00000000
00000000
00000000
00000000
00010000
00000000
00000000
00000000


Round: 1
00000000
00000000
00000000
00000000
00010000
00000000
00000000
00000000

Valid moves for 2:
3, 4
4, 3
4, 4

Player 2: 3, 4

After move by Player 2
00000000
00000000
00000000
00000000
00012000
00000000
00000000
00000000


Round: 2
00000000
00000000
00000000
00000000
00012000
00000000
00000000
00000000

Valid moves for 1:
4, 3
4, 4

Player 1: 4, 4

After move by Player 1
00000000
00000000
00000000
00001000
00012000
00000000
00000000
00000000


Round: 3
00000000
00000000
00000000
00001000
00012000
00000000
00000000
00000000

Valid moves for 2:
4, 3

Player 2: 4, 3

After move by Player 2
00000000
00000000
00000000
00021000
00012000
00000000
00000000
00000000


Round: 4
00000000
00000000
00000000
00021000
00012000
00000000
00000000
00000000

Valid moves for 1:
2, 4
3, 5
4, 2
5, 3

Player 1: 2, 4

After move by Player 1
00000000
00000000
00000000
00021000
00011000
00001000
00000000
00000000


Round: 5
00000000
00000000
00000000
00021000
00011000
00001000
00000000
00000000

Valid moves for 2:
2, 3
2, 5
4, 5

Player 2: 2, 5

After move by Player 2
00000000
00000000
00000000
00021000
00012000
00001200
00000000
00000000


Round: 6
00000000
00000000
00000000
00021000
00012000
00001200
00000000
00000000

Valid moves for 1:
2, 6
3, 5
4, 2
5, 3

Player 1: 3, 5

After move by Player 1
00000000
00000000
00000000
00021000
00011100
00001200
00000000
00000000


Round: 7
00000000
00000000
00000000
00021000
00011100
00001200
00000000
00000000

Valid moves for 2:
2, 3
4, 5

Player 2: 2, 3

After move by Player 2
00000000
00000000
00000000
00021000
00021100
00022200
00000000
00000000


Round: 8
00000000
00000000
00000000
00021000
00021100
00022200
00000000
00000000

Valid moves for 1:
1, 2
1, 3
1, 4
1, 5
1, 6
2, 2
3, 2
4, 2
5, 2

Player 1: 3, 2

After move by Player 1
00000000
00000000
00000000
00021000
00111100
00022200
00000000
00000000


Round: 9
00000000
00000000
00000000
00021000
00111100
00022200
00000000
00000000

Valid moves for 2:
2, 1
4, 1
4, 2
4, 5
4, 6
5, 4

Player 2: 4, 5

After move by Player 2
00000000
00000000
00000000
00022200
00112200
00022200
00000000
00000000


Round: 10
00000000
00000000
00000000
00022200
00112200
00022200
00000000
00000000

Valid moves for 1:
1, 3
1, 4
1, 5
3, 6
5, 3
5, 4
5, 5

Player 1: 3, 6

After move by Player 1
00000000
00000000
00000000
00022200
00111110
00022200
00000000
00000000


Round: 11
00000000
00000000
00000000
00022200
00111110
00022200
00000000
00000000

Valid moves for 2:
2, 1
2, 2
2, 6
2, 7
4, 1
4, 2
4, 6
4, 7

Player 2: 4, 1

After move by Player 2
00000000
00000000
00000000
02022200
00211110
00022200
00000000
00000000


Round: 12
00000000
00000000
00000000
02022200
00211110
00022200
00000000
00000000

Valid moves for 1:
1, 2
1, 3
1, 4
1, 5
1, 6
3, 1
5, 2
5, 3
5, 4
5, 5
5, 6

Player 1: 5, 3

After move by Player 1
00000000
00000000
00010000
02011200
00211110
00022200
00000000
00000000


Round: 13
00000000
00000000
00010000
02011200
00211110
00022200
00000000
00000000

Valid moves for 2:
2, 7
3, 7
4, 2
4, 6
4, 7
5, 2
5, 4
6, 3

Player 2: 3, 7

After move by Player 2
00000000
00000000
00010000
02011200
00222222
00022200
00000000
00000000


Round: 14
00000000
00000000
00010000
02011200
00222222
00022200
00000000
00000000

Valid moves for 1:
1, 3
1, 4
1, 6
2, 1
2, 2
2, 6
4, 6

Player 1: 2, 2

After move by Player 1
00000000
00000000
00010000
02011200
00212222
00122200
00000000
00000000


Round: 15
00000000
00000000
00010000
02011200
00212222
00122200
00000000
00000000

Valid moves for 2:
1, 2
2, 1
4, 2
5, 2
5, 4
6, 2
6, 3

Player 2: 5, 4

After move by Player 2
00000000
00000000
00012000
02022200
00212222
00122200
00000000
00000000


Round: 16
00000000
00000000
00012000
02022200
00212222
00122200
00000000
00000000

Valid moves for 1:
1, 3
1, 5
2, 6
3, 1
4, 2
5, 5

Player 1: 3, 1

After move by Player 1
00000000
00000000
00012000
02022200
01112222
00122200
00000000
00000000


Round: 17
00000000
00000000
00012000
02022200
01112222
00122200
00000000
00000000

Valid moves for 2:
1, 1
2, 1
3, 0
4, 2
5, 2
6, 2
6, 3

Player 2: 0, 0

After move by Player 2
00000000
00000000
00012000
02022200
01112222
00122200
00000000
20000000


Round: 18
00000000
00000000
00012000
02022200
01112222
00122200
00000000
20000000

Valid moves for 1:
1, 3
1, 4
1, 5
2, 6
5, 0
5, 1
5, 5
6, 5

Player 1: 0, 0

After move by Player 1
00000000
00000000
00012000
02022200
01112222
00122200
00000000
10000000


Round: 19
00000000
00000000
00012000
02022200
01112222
00122200
00000000
10000000

Valid moves for 2:
1, 1
2, 1
3, 0
4, 2
5, 2
6, 2
6, 3

Player 2: 0, 0

After move by Player 2
00000000
00000000
00012000
02022200
01112222
00122200
00000000
20000000


Round: 20
00000000
00000000
00012000
02022200
01112222
00122200
00000000
20000000

Valid moves for 1:
1, 3
1, 4
1, 5
2, 6
5, 0
5, 1
5, 5
6, 5

Player 1: 0, 0

After move by Player 1
00000000
00000000
00012000
02022200
01112222
00122200
00000000
10000000


Round: 21
00000000
00000000
00012000
02022200
01112222
00122200
00000000
10000000

Valid moves for 2:
1, 1
2, 1
3, 0
4, 2
5, 2
6, 2
6, 3

Player 2: 0, 0

After move by Player 2
00000000
00000000
00012000
02022200
01112222
00122200
00000000
20000000


Round: 22
00000000
00000000
00012000
02022200
01112222
00122200
00000000
20000000

Valid moves for 1:
1, 3
1, 4
1, 5
2, 6
5, 0
5, 1
5, 5
6, 5

Player 1: 0, 0

After move by Player 1
00000000
00000000
00012000
02022200
01112222
00122200
00000000
10000000


Round: 23
00000000
00000000
00012000
02022200
01112222
00122200
00000000
10000000

Valid moves for 2:
1, 1
2, 1
3, 0
4, 2
5, 2
6, 2
6, 3

Player 2: 0, 0

After move by Player 2
00000000
00000000
00012000
02022200
01112222
00122200
00000000
20000000


Round: 24
00000000
00000000
00012000
02022200
01112222
00122200
00000000
20000000

Valid moves for 1:
1, 3
1, 4
1, 5
2, 6
5, 0
5, 1
5, 5
6, 5

Player 1: 0, 0

After move by Player 1
00000000
00000000
00012000
02022200
01112222
00122200
00000000
10000000


Round: 25
00000000
00000000
00012000
02022200
01112222
00122200
00000000
10000000

Valid moves for 2:
1, 1
2, 1
3, 0
4, 2
5, 2
6, 2
6, 3

Player 2: 0, 0

After move by Player 2
00000000
00000000
00012000
02022200
01112222
00122200
00000000
20000000


Round: 26
00000000
00000000
00012000
02022200
01112222
00122200
00000000
20000000

Valid moves for 1:
1, 3
1, 4
1, 5
2, 6
5, 0
5, 1
5, 5
6, 5

Player 1: 0, 0

After move by Player 1
00000000
00000000
00012000
02022200
01112222
00122200
00000000
10000000


Round: 27
00000000
00000000
00012000
02022200
01112222
00122200
00000000
10000000

Valid moves for 2:
1, 1
2, 1
3, 0
4, 2
5, 2
6, 2
6, 3

Player 2: 0, 0

After move by Player 2
00000000
00000000
00012000
02022200
01112222
00122200
00000000
20000000


Round: 28
00000000
00000000
00012000
02022200
01112222
00122200
00000000
20000000

Valid moves for 1:
1, 3
1, 4
1, 5
2, 6
5, 0
5, 1
5, 5
6, 5

Player 1: 0, 0

After move by Player 1
00000000
00000000
00012000
02022200
01112222
00122200
00000000
10000000


Round: 29
00000000
00000000
00012000
02022200
01112222
00122200
00000000
10000000

Valid moves for 2:
1, 1
2, 1
3, 0
4, 2
5, 2
6, 2
6, 3

Player 2: 0, 0

After move by Player 2
00000000
00000000
00012000
02022200
01112222
00122200
00000000
20000000


Round: 30
00000000
00000000
00012000
02022200
01112222
00122200
00000000
20000000

Valid moves for 1:
1, 3
1, 4
1, 5
2, 6
5, 0
5, 1
5, 5
6, 5

Player 1: 0, 0

After move by Player 1
00000000
00000000
00012000
02022200
01112222
00122200
00000000
10000000


Round: 31
00000000
00000000
00012000
02022200
01112222
00122200
00000000
10000000

Valid moves for 2:
1, 1
2, 1
3, 0
4, 2
5, 2
6, 2
6, 3

Player 2: 0, 0

After move by Player 2
00000000
00000000
00012000
02022200
01112222
00122200
00000000
20000000


Round: 32
00000000
00000000
00012000
02022200
01112222
00122200
00000000
20000000

Valid moves for 1:
1, 3
1, 4
1, 5
2, 6
5, 0
5, 1
5, 5
6, 5

Player 1: 0, 0

After move by Player 1
00000000
00000000
00012000
02022200
01112222
00122200
00000000
10000000


Round: 33
00000000
00000000
00012000
02022200
01112222
00122200
00000000
10000000

Valid moves for 2:
1, 1
2, 1
3, 0
4, 2
5, 2
6, 2
6, 3

Player 2: 0, 0

After move by Player 2
00000000
00000000
00012000
02022200
01112222
00122200
00000000
20000000


Round: 34
00000000
00000000
00012000
02022200
01112222
00122200
00000000
20000000

Valid moves for 1:
1, 3
1, 4
1, 5
2, 6
5, 0
5, 1
5, 5
6, 5

Player 1: 0, 0

After move by Player 1
00000000
00000000
00012000
02022200
01112222
00122200
00000000
10000000


Round: 35
00000000
00000000
00012000
02022200
01112222
00122200
00000000
10000000

Valid moves for 2:
1, 1
2, 1
3, 0
4, 2
5, 2
6, 2
6, 3

Player 2: 0, 0

After move by Player 2
00000000
00000000
00012000
02022200
01112222
00122200
00000000
20000000


Round: 36
00000000
00000000
00012000
02022200
01112222
00122200
00000000
20000000

Valid moves for 1:
1, 3
1, 4
1, 5
2, 6
5, 0
5, 1
5, 5
6, 5

Player 1: 0, 0

After move by Player 1
00000000
00000000
00012000
02022200
01112222
00122200
00000000
10000000


Round: 37
00000000
00000000
00012000
02022200
01112222
00122200
00000000
10000000

Valid moves for 2:
1, 1
2, 1
3, 0
4, 2
5, 2
6, 2
6, 3

Player 2: 0, 0

After move by Player 2
00000000
00000000
00012000
02022200
01112222
00122200
00000000
20000000


Round: 38
00000000
00000000
00012000
02022200
01112222
00122200
00000000
20000000

Valid moves for 1:
1, 3
1, 4
1, 5
2, 6
5, 0
5, 1
5, 5
6, 5

Player 1: 0, 0

After move by Player 1
00000000
00000000
00012000
02022200
01112222
00122200
00000000
10000000


Round: 39
00000000
00000000
00012000
02022200
01112222
00122200
00000000
10000000

Valid moves for 2:
1, 1
2, 1
3, 0
4, 2
5, 2
6, 2
6, 3

Player 2: 0, 0

After move by Player 2
00000000
00000000
00012000
02022200
01112222
00122200
00000000
20000000


Round: 40
00000000
00000000
00012000
02022200
01112222
00122200
00000000
20000000

Valid moves for 1:
1, 3
1, 4
1, 5
2, 6
5, 0
5, 1
5, 5
6, 5

Player 1: 0, 0

After move by Player 1
00000000
00000000
00012000
02022200
01112222
00122200
00000000
10000000


Round: 41
00000000
00000000
00012000
02022200
01112222
00122200
00000000
10000000

Valid moves for 2:
1, 1
2, 1
3, 0
4, 2
5, 2
6, 2
6, 3

Player 2: 0, 0

After move by Player 2
00000000
00000000
00012000
02022200
01112222
00122200
00000000
20000000


Round: 42
00000000
00000000
00012000
02022200
01112222
00122200
00000000
20000000

Valid moves for 1:
1, 3
1, 4
1, 5
2, 6
5, 0
5, 1
5, 5
6, 5

Player 1: 0, 0

After move by Player 1
00000000
00000000
00012000
02022200
01112222
00122200
00000000
10000000


Round: 43
00000000
00000000
00012000
02022200
01112222
00122200
00000000
10000000

Valid moves for 2:
1, 1
2, 1
3, 0
4, 2
5, 2
6, 2
6, 3

Player 2: 0, 0

After move by Player 2
00000000
00000000
00012000
02022200
01112222
00122200
00000000
20000000


Round: 44
00000000
00000000
00012000
02022200
01112222
00122200
00000000
20000000

Valid moves for 1:
1, 3
1, 4
1, 5
2, 6
5, 0
5, 1
5, 5
6, 5

Player 1: 0, 0

After move by Player 1
00000000
00000000
00012000
02022200
01112222
00122200
00000000
10000000


Round: 45
00000000
00000000
00012000
02022200
01112222
00122200
00000000
10000000

Valid moves for 2:
1, 1
2, 1
3, 0
4, 2
5, 2
6, 2
6, 3

Player 2: 0, 0

After move by Player 2
00000000
00000000
00012000
02022200
01112222
00122200
00000000
20000000


Round: 46
00000000
00000000
00012000
02022200
01112222
00122200
00000000
20000000

Valid moves for 1:
1, 3
1, 4
1, 5
2, 6
5, 0
5, 1
5, 5
6, 5

Player 1: 0, 0

After move by Player 1
00000000
00000000
00012000
02022200
01112222
00122200
00000000
10000000


Round: 47
00000000
00000000
00012000
02022200
01112222
00122200
00000000
10000000

Valid moves for 2:
1, 1
2, 1
3, 0
4, 2
5, 2
6, 2
6, 3

Player 2: 0, 0

After move by Player 2
00000000
00000000
00012000
02022200
01112222
00122200
00000000
20000000


Round: 48
00000000
00000000
00012000
02022200
01112222
00122200
00000000
20000000

Valid moves for 1:
1, 3
1, 4
1, 5
2, 6
5, 0
5, 1
5, 5
6, 5

Player 1: 0, 0

After move by Player 1
00000000
00000000
00012000
02022200
01112222
00122200
00000000
10000000


Round: 49
00000000
00000000
00012000
02022200
01112222
00122200
00000000
10000000

Valid moves for 2:
1, 1
2, 1
3, 0
4, 2
5, 2
6, 2
6, 3

Player 2: 0, 0

After move by Player 2
00000000
00000000
00012000
02022200
01112222
00122200
00000000
20000000


Round: 50
00000000
00000000
00012000
02022200
01112222
00122200
00000000
20000000

Valid moves for 1:
1, 3
1, 4
1, 5
2, 6
5, 0
5, 1
5, 5
6, 5

Player 1: 0, 0

After move by Player 1
00000000
00000000
00012000
02022200
01112222
00122200
00000000
10000000


Round: 51
00000000
00000000
00012000
02022200
01112222
00122200
00000000
10000000

Valid moves for 2:
1, 1
2, 1
3, 0
4, 2
5, 2
6, 2
6, 3

Player 2: 0, 0

After move by Player 2
00000000
00000000
00012000
02022200
01112222
00122200
00000000
20000000


Round: 52
00000000
00000000
00012000
02022200
01112222
00122200
00000000
20000000

Valid moves for 1:
1, 3
1, 4
1, 5
2, 6
5, 0
5, 1
5, 5
6, 5

Player 1: 0, 0

After move by Player 1
00000000
00000000
00012000
02022200
01112222
00122200
00000000
10000000


Round: 53
00000000
00000000
00012000
02022200
01112222
00122200
00000000
10000000

Valid moves for 2:
1, 1
2, 1
3, 0
4, 2
5, 2
6, 2
6, 3

Player 2: 0, 0

After move by Player 2
00000000
00000000
00012000
02022200
01112222
00122200
00000000
20000000


Round: 54
00000000
00000000
00012000
02022200
01112222
00122200
00000000
20000000

Valid moves for 1:
1, 3
1, 4
1, 5
2, 6
5, 0
5, 1
5, 5
6, 5

Player 1: 0, 0

After move by Player 1
00000000
00000000
00012000
02022200
01112222
00122200
00000000
10000000


Round: 55
00000000
00000000
00012000
02022200
01112222
00122200
00000000
10000000

Valid moves for 2:
1, 1
2, 1
3, 0
4, 2
5, 2
6, 2
6, 3

Player 2: 0, 0

After move by Player 2
00000000
00000000
00012000
02022200
01112222
00122200
00000000
20000000


Round: 56
00000000
00000000
00012000
02022200
01112222
00122200
00000000
20000000

Valid moves for 1:
1, 3
1, 4
1, 5
2, 6
5, 0
5, 1
5, 5
6, 5

Player 1: 0, 0

After move by Player 1
00000000
00000000
00012000
02022200
01112222
00122200
00000000
10000000


Round: 57
00000000
00000000
00012000
02022200
01112222
00122200
00000000
10000000

Valid moves for 2:
1, 1
2, 1
3, 0
4, 2
5, 2
6, 2
6, 3

Player 2: 0, 0

After move by Player 2
00000000
00000000
00012000
02022200
01112222
00122200
00000000
20000000


Round: 58
00000000
00000000
00012000
02022200
01112222
00122200
00000000
20000000

Valid moves for 1:
1, 3
1, 4
1, 5
2, 6
5, 0
5, 1
5, 5
6, 5

Player 1: 0, 0

After move by Player 1
00000000
00000000
00012000
02022200
01112222
00122200
00000000
10000000


Round: 59
00000000
00000000
00012000
02022200
01112222
00122200
00000000
10000000

Valid moves for 2:
1, 1
2, 1
3, 0
4, 2
5, 2
6, 2
6, 3

Player 2: 0, 0

After move by Player 2
00000000
00000000
00012000
02022200
01112222
00122200
00000000
20000000


Round: 60
00000000
00000000
00012000
02022200
01112222
00122200
00000000
20000000

Valid moves for 1:
1, 3
1, 4
1, 5
2, 6
5, 0
5, 1
5, 5
6, 5

Player 1: 0, 0

After move by Player 1
00000000
00000000
00012000
02022200
01112222
00122200
00000000
10000000


Round: 61
00000000
00000000
00012000
02022200
01112222
00122200
00000000
10000000

Valid moves for 2:
1, 1
2, 1
3, 0
4, 2
5, 2
6, 2
6, 3

Player 2: 0, 0

After move by Player 2
00000000
00000000
00012000
02022200
01112222
00122200
00000000
20000000


Round: 62
00000000
00000000
00012000
02022200
01112222
00122200
00000000
20000000

Valid moves for 1:
1, 3
1, 4
1, 5
2, 6
5, 0
5, 1
5, 5
6, 5

Player 1: 0, 0

After move by Player 1
00000000
00000000
00012000
02022200
01112222
00122200
00000000
10000000


Round: 63
00000000
00000000
00012000
02022200
01112222
00122200
00000000
10000000

Valid moves for 2:
1, 1
2, 1
3, 0
4, 2
5, 2
6, 2
6, 3

Player 2: 0, 0

After move by Player 2
00000000
00000000
00012000
02022200
01112222
00122200
00000000
20000000


Round: 64
00000000
00000000
00012000
02022200
01112222
00122200
00000000
20000000

Valid moves for 1:
1, 3
1, 4
1, 5
2, 6
5, 0
5, 1
5, 5
6, 5

Player 1: 0, 0

After move by Player 1
00000000
00000000
00012000
02022200
01112222
00122200
00000000
10000000


Round: 65
00000000
00000000
00012000
02022200
01112222
00122200
00000000
10000000

Valid moves for 2:
1, 1
2, 1
3, 0
4, 2
5, 2
6, 2
6, 3

Player 2: 0, 0

After move by Player 2
00000000
00000000
00012000
02022200
01112222
00122200
00000000
20000000


Round: 66
00000000
00000000
00012000
02022200
01112222
00122200
00000000
20000000

Valid moves for 1:
1, 3
1, 4
1, 5
2, 6
5, 0
5, 1
5, 5
6, 5

Player 1: 0, 0

After move by Player 1
00000000
00000000
00012000
02022200
01112222
00122200
00000000
10000000


Round: 67
00000000
00000000
00012000
02022200
01112222
00122200
00000000
10000000

Valid moves for 2:
1, 1
2, 1
3, 0
4, 2
5, 2
6, 2
6, 3

Player 2: 0, 0

After move by Player 2
00000000
00000000
00012000
02022200
01112222
00122200
00000000
20000000


Round: 68
00000000
00000000
00012000
02022200
01112222
00122200
00000000
20000000

Valid moves for 1:
1, 3
1, 4
1, 5
2, 6
5, 0
5, 1
5, 5
6, 5

Player 1: 0, 0

After move by Player 1
00000000
00000000
00012000
02022200
01112222
00122200
00000000
10000000


Round: 69
00000000
00000000
00012000
02022200
01112222
00122200
00000000
10000000

Valid moves for 2:
1, 1
2, 1
3, 0
4, 2
5, 2
6, 2
6, 3

Player 2: 0, 0

After move by Player 2
00000000
00000000
00012000
02022200
01112222
00122200
00000000
20000000


Round: 70
00000000
00000000
00012000
02022200
01112222
00122200
00000000
20000000

Valid moves for 1:
1, 3
1, 4
1, 5
2, 6
5, 0
5, 1
5, 5
6, 5

Player 1: 0, 0

After move by Player 1
00000000
00000000
00012000
02022200
01112222
00122200
00000000
10000000


Round: 71
00000000
00000000
00012000
02022200
01112222
00122200
00000000
10000000

Valid moves for 2:
1, 1
2, 1
3, 0
4, 2
5, 2
6, 2
6, 3

Player 2: 0, 0

After move by Player 2
00000000
00000000
00012000
02022200
01112222
00122200
00000000
20000000


Round: 72
00000000
00000000
00012000
02022200
01112222
00122200
00000000
20000000

Valid moves for 1:
1, 3
1, 4
1, 5
2, 6
5, 0
5, 1
5, 5
6, 5

Player 1: 0, 0

After move by Player 1
00000000
00000000
00012000
02022200
01112222
001